Apparently Difficult 01
507084000
008000070
000100000
000040002
000000000
900020000
000001000
070000200
000350708
Apparently Difficult 02
040003080
030090000
507400900
000020000
023000560
400050000
006004708
050010040
090800010
Apparently Difficult 03
130700295
506900000
009830001
000020000
000060000
000070000
300054800
000007406
964001037
Apparently Difficult 04
600925000
032470850
400003070
010080000
000000000
000030020
090300008
024091530
000758004
116
001700002
040002000
000050706
700060050
059000460
060020008
903080000
000900080
400005100
117
000401200
060000300
080006040
502030000
009000600
000070405
020100080
006000020
005802000